                                        15_variant

	Task_1:

      Amount_of_splitting       Step      Value           Module_of_difference
	                   10      0.500   1.073343                1.073343
	                   20      0.250   1.075524                0.002181
	                   40      0.125   1.076086                0.000562
	                   80      0.063   1.076228                0.000142
	                  160      0.031   1.076264                0.000035


	Task_2:

		y = 27.68	

	Task_3:

		Current_array: 
			-19  45 -11  -3 -35  60  54  72 -35  73 -30 -20  85  29 -91 |-69 -47  51  87 -23 -72  81  10 -62 -62  67 -96   0 -13 
		Sort_array: 
			-91 -35 -35 -30 -20 -19 -11  -3  29  45  54  60  72  73  85 |-69 -47  51  87 -23 -72  81  10 -62 -62  67 -96   0 -13 