 -92    96    53    12   -11    13    13   -85    46   -43  
  -9    30    30    20    28    75   -71    55   -19   -82  
  -5    96    85    86   -65    37    93   -50   -52    32  
  56   -84   -52    33    52    39    99   -45   -86    15  
 -57    63    -4    40    89    57   100    17   -47   -95  
  -1   -50    61    29    33   -19    41   -94    18   -68  
  72   -43    18    84    -7   -50   -57    71   -79   -96  
 -70   -19    22    38    97   -28   -69   -60    52    60  
  48    21    61    36    94    85   -78   -68   -59    97  
  76    15    11   -93   -87    68   -71   -76    62    56  
